KAJ9535817.1	AF195627	42.553	47	23	3	3	48	12	55	3.24e-04	26.6
KAJ9536620.1	AF195627	44.681	47	22	3	1272	1317	12	55	5.55e-04	27.7
KAJ9538297.1	AB052753.1	42.308	26	15	0	348	373	17	42	6.00e-05	30.0
KAJ9539881.1	AF195627	40.000	30	18	0	319	348	26	55	0.001	25.4
KAJ9541892.1	AY772638.2	29.091	55	32	1	1	55	33	80	4.54e-04	27.3
KAJ9545273.1	AY772638.2	39.216	51	24	4	254	301	25	71	8.88e-04	26.6
KAJ9546182.1	AJ278643.1	45.833	24	12	1	320	342	31	54	6.46e-04	26.2
KAJ9551968.1	AY772638.2	29.730	74	38	4	11	74	1	70	7.01e-04	25.4
KAJ9552555.1	AB052753.1	42.308	26	15	0	412	437	17	42	6.47e-05	30.0
KAJ9552720.1	AB052753.1	50.000	18	9	0	218	235	19	36	5.92e-04	26.2
KAJ9553839.1	FJ670503.1	45.833	24	13	0	486	509	7	30	8.61e-04	26.2
KAJ9554128.1	LR596609.1	28.750	80	43	3	6	71	4	83	4.67e-04	23.9
KAJ9557305.1	AB052753.1	41.667	24	14	0	349	372	17	40	3.36e-04	28.1
KAJ9558651.1	MZ383800.1	34.783	23	15	0	53	75	59	81	0.001	24.6
KAJ9562279.1	MZ383800.1	22.449	49	38	0	6	54	14	62	1.37e-04	25.4
KAJ9563950.1	AB052753.1	21.569	51	39	1	552	601	13	63	8.86e-04	26.6
KAJ9566775.1	KP117088.1	55.556	18	8	0	319	336	42	59	2.51e-04	27.3
KAJ9567455.1	AY772638.2	36.111	36	21	2	222	256	39	73	3.12e-04	28.1
KAJ9567507.1	AY772638.2	36.111	36	21	2	233	267	39	73	2.96e-04	28.1
KAJ9567553.1	FJ670503.1	42.857	21	12	0	49	69	26	46	8.72e-04	25.0
